1			パリ・サンジェルマン	74	28	23	5	0	80	26	54 paris
2			ASモナコFC	53	29	16	5	8	57	35	22
3			オリンピック・マルセイユ	52	29	16	4	9	57	41	16
4			オリンピック・リヨン	51	29	15	6	8	57	39	18
5			LOSCリール	50	29	14	8	7	44	31	13
6			RCストラスブール	50	29	14	8	7	48	37	11
7			OGCニース	48	29	13	9	7	54	37	17
8			スタッド・ブレスト29	44	29	13	5	11	47	46	1
9			RCランス	42	29	12	6	11	32	32	0
10		AJオセール	38	29	10	8	11	40	42	-2
11		スタッド・レンヌFC	35	29	11	2	16	43	39	4
12		トゥールーズFC	34	29	9	7	13	38	38	0
13		FCナント	30	28	7	9	12	33	47	-14
14		アンジェSCO	30	29	8	6	15	28	46	-18
15		スタッド・ランス	29	29	7	8	14	31	42	-11
16		ル・アーヴルAC	27	29	8	3	18	32	62	-30
17		ASサンテティエンヌ	24	29	6	6	17	31	67	-36
18		モンペリエHSC	15	29	4	3	22	21	66	-45
